wavenumber_cm-1,intensity
500.0,9.800808193613029e-25
501.75087543771883,1.1099157336134893e-25
503.5017508754377,1.204652817426811e-26
505.25262631315655,1.2530764517454583e-27
507.00350175087544,1.2492144858815468e-28
508.7543771885943,1.1935489353788656e-29
510.50525262631317,1.0929171045050363e-30
512.256128064032,9.59131139201697e-32
514.0070035017509,8.06700886666168e-33
515.7578789394697,6.502657089738218e-34
517.5087543771886,5.023575641354435e-35
519.2596298149075,3.7194507657774954e-36
521.0105052526263,2.6392981771211576e-37
522.7613806903452,1.794906690224413e-38
524.512256128064,1.1698739484156474e-39
526.2631315657829,7.307688699272216e-41
528.0140070035018,4.374866270844732e-42
529.7648824412206,2.5101131619569796e-43
531.5157578789394,1.3802749135376638e-44
533.2666333166583,7.274140138613987e-46
535.0175087543772,3.6740199273913946e-47
536.768384192096,1.7784641963890593e-48
538.5192596298149,8.250732758324285e-50
540.2701350675337,3.668459168869797e-51
542.0210105052527,1.5632147121191611e-52
543.7718859429715,6.384065775388239e-54
545.5227613806903,2.4987329697170277e-55
547.2736368184092,9.373161855489751e-57
549.0245122561281,3.369738197206668e-58
550.7753876938469,1.161047480165813e-59
552.5262631315658,3.833959975819723e-61
554.2771385692846,1.213358247039656e-62
556.0280140070035,3.681331764366333e-64
557.7788894447224,1.4832145394364392e-65
559.5297648824412,1.4797748285291246e-64
561.28064032016,5.055916254988653e-63
563.0315157578789,1.658907265085738e-61
564.7823911955978,5.216615218408451e-60
566.5332666333167,1.5721691660413808e-58
568.2841420710355,4.5410211014962976e-57
570.0350175087544,1.2570470714363496e-55
571.7858929464733,3.3349807868191337e-54
573.5367683841921,8.47966913357061e-53
575.2876438219109,2.0663707834802925e-51
577.0385192596298,4.825933948370492e-50
578.7893946973487,1.0801853164319845e-48
580.5402701350675,2.3171755658247345e-47
582.2911455727864,4.763908224068036e-46
584.0420210105052,9.386671239280253e-45
585.7928964482242,1.7725708514960139e-43
587.543771885943,3.208037044018402e-42
589.2946473236618,5.564407415996791e-41
591.0455227613807,9.25001084694249e-40
592.7963981990995,1.4737008646374115e-38
594.5472736368184,2.250195281654777e-37
596.2981490745373,3.292872052381194e-36
598.0490245122561,4.618205749285465e-35
599.799899949975,6.207482075029461e-34
601.5507753876939,7.996527695502142e-33
603.3016508254127,9.872592065628017e-32
605.0525262631315,1.168166409770593e-30
606.8034017008504,1.3247136484697857e-29
608.5542771385693,1.4397367244568913e-28
610.3051525762882,1.4996431549695274e-27
612.056028014007,1.497050847572932e-26
613.8069034517258,1.4322833667942915e-25
615.5577788894448,1.3133035569344355e-24
617.3086543271636,1.1541043224864996e-23
619.0595297648824,9.720056508639737e-23
620.8104052026013,7.845782905942937e-22
622.5612806403201,6.0694251400790704e-21
624.312156078039,4.4998973461275816e-20
626.0630315157579,3.197432823456603e-19
627.8139069534767,2.177429118337315e-18
629.5647823911956,1.4211188460555387e-17
631.3156578289145,8.889156378391119e-17
633.0665332666333,5.328861943625879e-16
634.8174087043521,3.061626206511581e-15
636.568284142071,1.6858294618087323e-14
638.3191595797899,8.896493937320654e-14
640.0700350175088,4.4995378553254125e-13
641.8209104552276,2.1810253220506885e-12
643.5717858929465,1.013204898460411e-11
645.3226613306654,4.511049875002777e-11
647.0735367683842,1.9248715421165553e-10
648.824412206103,7.871720221752764e-10
650.5752876438219,3.0851857949048227e-09
652.3261630815407,1.1588754728635901e-08
654.0770385192596,4.1719202179093486e-08
655.8279139569785,1.4393916960774845e-07
657.5787893946973,4.7595486054074745e-07
659.3296648324163,1.5083298112802797e-06
661.0805402701351,4.581109136968125e-06
662.8314157078539,1.3334868483164328e-05
664.5822911455728,3.720065703038829e-05
666.3331665832916,9.946178728136956e-05
668.0840420210105,0.0002548623496947598
669.8349174587294,0.0006258912520128635
671.5857928964482,0.0014731122986939916
673.3366683341671,0.003322894892887995
675.087543771886,0.007183583234376533
676.8384192096048,0.014883649262243068
678.5892946473236,0.029554356060330886
680.3401700850425,0.0562441490344684
682.0910455227613,0.10258337293011291
683.8419209604803,0.17931654965811414
685.5927963981991,0.30040527055900523
687.3436718359179,0.48232358330827285
689.0945472736369,0.7421867926821077
690.8454227113557,1.094540210962995
692.5962981490745,1.547013115840363
694.3471735867934,2.0955597362008063
696.0980490245122,2.7205071412179893
697.8489244622311,3.384881511127502
699.59979989995,4.0362759260064145
701.3506753376688,4.612772160784755
703.1015507753878,5.052274612948195
704.8524262131066,5.30341613933193
706.6033016508254,5.335416798984245
708.3541770885442,5.144286033601177
710.1050525262631,4.753643771118328
711.8559279639819,4.209930017368421
713.6068034017009,3.57335045169166
715.3576788394197,2.907006054393968
717.1085542771385,2.266921499640026
718.8594297148575,1.695106798149223
720.6103051525763,1.2166627326039003
722.3611805902951,0.8407286466577123
724.112056028014,0.564172787523506
725.8629314657328,0.3765423250343991
727.6138069034517,0.2648938044689461
729.3646823411706,0.21753027780150486
731.1155577788894,0.22615728302520277
732.8664332166084,0.2863783039429097
734.6173086543272,0.39672785390327714
736.368184092046,0.5566170714477923
738.1190595297649,0.7636998199247875
739.8699349674837,1.011283895593004
741.6208104052025,1.2864816930233254
743.3716858429215,1.5697443395427293
745.1225612806403,1.83618593730088
746.8734367183591,2.058677099873564
748.6243121560781,2.2121629555946423
750.3751875937969,2.2782130781760714
752.1260630315157,2.2486242150126556
753.8769384692346,2.127079497565384
755.6278139069534,1.928388401779901
757.3786893446722,1.675518141233522
759.1295647823912,1.3952356135212556
760.88044022011,1.1134988009047762
762.631315657829,0.8516785934377515
764.3821910955478,0.6243174664532463
766.1330665332666,0.4386104901003531
767.8839419709855,0.2953223519721802
769.6348174087043,0.19057125665666308
771.3856928464231,0.1178588643670522
773.1365682841421,0.06985715289474298
774.8874437218609,0.039682889342788435
776.6383191595799,0.02160426349397989
778.3891945972987,0.011272478613606566
780.1400700350175,0.005636936592361772
781.8909454727363,0.0027015353474776427
783.6418209104552,0.0012408575686709408
785.392696348174,0.0005462318112561523
787.143571785893,0.00023044952572783204
788.8944472236118,9.317908116349381e-05
790.6453226613306,3.610811388203811e-05
792.3961980990496,1.3410190846204871e-05
794.1470735367684,4.773191829959271e-06
795.8979489744872,1.6282706463855374e-06
797.6488244122061,5.32338741913399e-07
799.3996998499249,1.6679895641215872e-07
801.1505752876437,5.0088999779537725e-08
802.9014507253627,1.4415681045633431e-08
804.6523261630815,3.976232265873632e-09
806.4032016008005,1.0511195183140898e-09
808.1540770385193,2.6630310557092603e-10
809.9049524762381,6.466125606863538e-11
811.655827913957,1.5047204291830164e-11
813.4067033516758,3.3559174780173314e-12
815.1575787893946,7.173159763531989e-13
816.9084542271136,1.469445589035448e-13
818.6593296648324,2.884963293549736e-14
820.4102051025512,5.4283883369140276e-15
822.1610805402702,9.789214026927405e-16
823.911955977989,1.6922924373050306e-16
825.6628314157078,2.833030642765041e-17
827.4137068534267,6.511227649559889e-18
829.1645822911455,1.397352248357362e-17
830.9154577288643,8.22522182406072e-17
832.6663331665833,4.864799372883068e-16
834.4172086043021,2.760724634982656e-15
836.1680840420211,1.501539494677262e-14
837.9189594797399,7.826984632307078e-14
839.6698349174587,3.910173102882429e-13
841.4207103551776,1.8721526719055615e-12
843.1715857928964,8.590734856058434e-12
844.9224612306152,3.7780103503944775e-11
846.6733366683342,1.5923544527406514e-10
848.424212106053,6.432208668006406e-10
850.175087543772,2.4901429458171085e-09
851.9259629814908,9.239154015048047e-09
853.6768384192096,3.285367149475478e-08
855.4277138569284,1.1196425350968948e-07
857.1785892946473,3.6569468018607744e-07
858.9294647323661,1.1447263282864808e-06
860.680340170085,3.434222867510223e-06
862.4312156078039,9.874134880820386e-06
864.1820910455227,2.720905201364641e-05
865.9329664832417,7.185740721119906e-05
867.6838419209605,0.0001818751867423533
869.4347173586793,0.0004411833778128308
871.1855927963982,0.0010256722702004387
872.936468234117,0.002285292938429608
874.6873436718358,0.004879990143724424
876.4382191095548,0.00998711014646808
878.1890945472736,0.01958865448712763
879.9399699849926,0.03682250454175424
881.6908454227114,0.06633857562663388
883.4417208604302,0.11454162256255329
885.192596298149,0.18954196844529825
886.9434717358679,0.30060293777256836
888.6943471735867,0.45690772865242457
890.4452226113056,0.6656015168957736
892.1960980490245,0.9293006465386664
893.9469734867433,1.243553929342468
895.6978489244623,1.5949914665723925
897.4487243621811,1.9609752583854039
899.1995997998999,2.311369412449504
900.9504752376188,2.6125600564750457
902.7013506753376,2.833185744391284
904.4522261130564,2.9504056467591493
906.2031015507754,2.955181566171734
907.9539769884942,2.8551471087637665
909.7048524262132,2.6741849270211606
911.455727863932,2.4486574097678213
913.2066033016508,2.2210630421073136
914.9574787393697,2.032465438118527
916.7083541770885,1.91523275778176
918.4592296148073,1.887452711534649
920.2101050525262,1.9499771774685288
921.9609804902451,2.0865412759607214
923.7118559279639,2.266885664672535
925.4627313656829,2.4523233484945806
927.2136068034017,2.602757945728724
928.9644822411205,2.683841325223259
930.7153576788394,2.6728597740523474
932.4662331165582,2.562155323183901
934.217108554277,2.359433376335141
935.967983991996,2.0850598629446435
937.7188594297148,1.7671858350100929
939.4697348674338,1.4360140322885369
941.2206103051526,1.1185909687418292
942.9714857428714,0.835176506082438
944.7223611805903,0.5976635124723865
946.4732366183091,0.40991544614632075
948.2241120560279,0.26945367029980394
949.9749874937468,0.16975497197538472
951.7258629314657,0.1024961293863256
953.4767383691845,0.05931136104555149
955.2276138069035,0.03289373420318256
956.9784892446223,0.017483686273293823
958.7293646823412,0.00890629735411146
960.48024012006,0.004348161234672088
962.2311155577788,0.002034502836079606
963.9819909954977,0.0009123366925042948
965.7328664332166,0.0003920993759389958
967.4837418709354,0.0001615032698312862
969.2346173086544,6.375447049166311e-05
970.9854927463732,2.4120378560883158e-05
972.736368184092,8.745844438242172e-06
974.4872436218109,3.0392297305229036e-06
976.2381190595297,1.0122072920205249e-06
977.9889944972485,3.2308704710825213e-07
979.7398699349675,9.88356879699532e-08
981.4907453726863,2.8976922551155396e-08
983.2416208104052,8.14209475864407e-09
984.9924962481241,2.192733137852783e-09
986.7433716858429,5.664304777160708e-10
988.4942471235618,1.422475148793997e-10
990.2451225612806,4.235378104352546e-11
991.9959979989994,4.299737449264167e-11
993.7468734367183,1.3302587226972992e-10
995.4977488744372,4.669064561857569e-10
997.248624312156,1.5879661765310694e-09
998.999499749875,5.179391916031219e-09
1000.7503751875938,1.6191112017750937e-08
1002.5012506253127,4.850866594191902e-08
1004.2521260630315,1.3928547107528477e-07
1006.0030015007503,3.832975847234771e-07
1007.7538769384691,1.010904487431286e-06
1009.5047523761881,2.555217915218817e-06
1011.2556278139069,6.1899842420261405e-06
1013.0065032516258,1.4371262734130743e-05
1014.7573786893446,3.197747094547988e-05
1016.5082541270635,6.819257969267991e-05
1018.2591295647824,0.00013937150895331483
1020.0100050025012,0.00027299511048293064
1021.76088044022,0.0005124835704291691
1023.511755877939,0.0009220398945391369
1025.262631315658,0.001589882966153301
1027.0135067533765,0.0026274130286557305
1028.7643821910956,0.004161439755317919
1030.5152576288144,0.006317132172599596
1032.2661330665333,0.009191284900104877
1034.017008504252,0.012818927092007333
1035.767883941971,0.017140686118629594
1037.51875937969,0.021982462868046188
1039.2696348174086,0.027061408320911338
1041.0205102551276,0.03203187741255461
1042.7713856928463,0.0365820838399278
1044.5222611305653,0.04058798374968371
1046.2731365682841,0.044327294336775014
1048.024012006003,0.04875392233165202
1049.7748874437218,0.055828516055338846
1051.5257628814406,0.0688875635121731
1053.2766383191597,0.09300316825256442
1055.0275137568783,0.13523449529236045
1056.7783891945974,0.2046082708908829
1058.529264632316,0.31161589108066473
1060.280140070035,0.46702062048437726
1062.0310155077539,0.6798735106979791
1063.7818909454727,0.9548606440797086
1065.5327663831915,1.289415684778067
1067.2836418209104,1.6713354265876745
1069.0345172586294,2.0777915802505595
1070.785392696348,2.4765070729357235
1072.536268134067,2.829407805183798
1074.287143571786,3.0983554046235615
1076.0380190095048,3.2518335206577036
1077.7888944472236,3.270984032870552
1079.5397698849424,3.153396339653555
1081.2906453226612,2.9135958110717204
1083.04152076038,2.580092835204733
1084.7923961980991,2.189819304820125
1086.5432716358177,1.7814507936906734
1088.2941470735368,1.38927211432559
1090.0450225112556,1.0388844003647641
1091.7958979489745,0.7453607433493595
1093.5467733866933,0.5137160633242275
1095.2976488244121,0.34101389191992715
1097.0485242621312,0.2192138457893849
1098.7993996998498,0.1379517762170633
1100.5502751375689,0.08672339226625399
1102.3011505752875,0.0562669173718635
1104.0520260130065,0.039199286551069676
1105.8029014507254,0.030103039734479545
1107.5537768884442,0.025293366976721004
1109.304652326163,0.022455014642362586
1111.0555277638819,0.020271221493614582
1112.806403201601,0.01810419220389044
1114.5572786393195,0.01574418537886515
1116.3081540770386,0.013223154991467131
1118.0590295147572,0.01068251693426888
1119.8099049524762,0.008285126504423524
1121.560780390195,0.006163349520012274
1123.311655827914,0.004395832747510729
1125.0625312656327,0.0030052835081818855
1126.8134067033516,0.001969287329816848
1128.5642821410706,0.0012367818896335293
1130.3151575787892,0.0007444382569343931
1132.0660330165083,0.00042944905323380564
1133.8169084542271,0.00023743245566786107
1135.567783891946,0.000125809400084956
1137.3186593296648,6.388961973658747e-05
1139.0695347673836,3.109510202774066e-05
1140.8204102051025,1.4504476643021858e-05
1142.5712856428213,6.4847806465272395e-06
1144.3221610805404,2.7808214878877547e-06
1146.073036518259,1.1506276329765639e-06
1147.823911955978,4.8274787611011e-07
1149.5747873936969,2.7995205384029363e-07
1151.3256628314157,4.078767782264945e-07
1153.0765382691345,1.0622422577667449e-06
1154.8274137068533,3.003122070042095e-06
1156.5782891445724,8.266111064591885e-06
1158.329164582291,2.1845932729046073e-05
1160.08004002001,5.5344672892173876e-05
1161.8309154577287,0.00013438025484080026
1163.5817908954477,0.00031270879634206345
1165.3326663331666,0.0006974107766974442
1167.0835417708854,0.0014906682632987046
1168.8344172086042,0.0030536351126778634
1170.585292646323,0.005995108741134433
1172.3361680840421,0.011280303613833285
1174.0870435217607,0.02034175103938562
1175.8379189594798,0.03515602318325666
1177.5887943971984,0.05823111236376013
1179.3396698349175,0.09243884421752026
1181.0905452726363,0.1406365693452673
1182.8414207103551,0.20506278085403687
1184.592296148074,0.28656368111261205
1186.3431715857928,0.3837981383859813
1188.0940470235118,0.4926461961668721
1189.8449224612305,0.6060714314852615
1191.5957978989495,0.7146276477341815
1193.3466733366683,0.8076505091234258
1195.0975487743872,0.8749689828287549
1196.848424212106,0.908778146770606
1198.5992996498248,0.9052117898812302
1200.350175087544,0.865192623918568
1202.1010505252625,0.794319023904838
1203.8519259629816,0.701811398885568
1205.6028014007002,0.598795343063589
1207.3536768384192,0.49635519241983844
1209.104552276138,0.4038058802359082
1210.855427713857,0.3275162607824014
1212.6063031515757,0.2704315638928901
1214.3571785892946,0.23225824164737893
1216.1080540270136,0.21014503076915167
1217.8589294647322,0.19963886952562632
1219.6098049024513,0.19570146175190892
1221.36068034017,0.19361514912579317
1223.111555777889,0.18966143520022338
1224.8624312156078,0.1815096919845237
1226.6133066533266,0.16830486704651867
1228.3641820910454,0.15049148633226392
1230.1150575287643,0.129453394008881
1231.8659329664833,0.10707681867893559
1233.616808404202,0.08535110334726925
1235.367683841921,0.0661048902022023
1237.1185592796396,0.05094117784553562
1238.8694347173587,0.04139230997160468
1240.6203101550775,0.039274018385767474
1242.3711855927963,0.047178465957094476
1244.1220610305152,0.06900611015888511
1245.872936468234,0.1103910415166674
1247.623811905953,0.178828672353242
1249.3746873436717,0.28328823064332087
1251.1255627813907,0.4331200007804673
1252.8764382191096,0.6361847525134233
1254.6273136568284,0.8963543421264196
1256.3781890945472,1.2108250598152117
1258.129064532266,1.5679582155299177
1259.8799399699851,1.9464856537017867
1261.6308154077037,2.3167728263242497
1263.3816908454228,2.6443787535033105
1265.1325662831414,2.8954788575424253
1266.8834417208604,3.0430364665292253
1268.6343171585793,3.0721896840286202
1270.385192596298,2.983370001477083
1272.136068034017,2.7922290104294216
1273.8869434717358,2.526356397360713
1275.6378189094548,2.2197135836854165
1277.3886943471734,1.9063498128564746
1279.1395697848925,1.6150962822665944
1280.890445222611,1.3665341420615478
1282.6413206603302,1.1727783684467028
1284.392196098049,1.0397865333464902
1286.1430715357678,0.9712471757925573
1287.8939469734867,0.9727783033876278
1289.6448224112055,1.0551895335641244
1291.3956978489246,1.235846065055259
1293.1465732866432,1.5375954911245215
1294.8974487243622,1.9851786595236995
1296.648324162081,2.599495472426381
1298.3991995997999,3.390530387445124
1300.1500750375187,4.350156222697226
1301.9009504752376,5.446377285101718
1303.6518259129564,6.620721299925807
1305.4027013506752,7.790276569632122
1307.1535767883943,8.85516450234486
1308.9044522261129,9.711049823112035
1310.655327663832,10.264853367021436
1312.4062031015508,10.450581265369072
1314.1570785392696,10.241622506803969
1315.9079539769884,9.65634538096465
1317.6588294147073,8.755341967791697
1319.4097048524263,7.630812541947306
1321.160580290145,6.390646611392623
1322.911455727864,5.14103777257814
1324.6623311655826,3.971553832042833
1326.4132066033017,2.9455215341542313
1328.1640820410205,2.0968416528986773
1329.9149574787393,1.4325790384893022
1331.6658329164582,0.9394344766091228
1333.416708354177,0.5917694245184488
1335.167583791896,0.35915608988346615
1336.9184592296147,0.21216987575050572
1338.6693346673337,0.12597479837590964
1340.4202101050523,0.08190573847719006
1342.1710855427714,0.06760695494560577
1343.9219609804902,0.0763658642541784
1345.672836418209,0.10618487145586569
1347.4237118559279,0.15897301864099864
1349.1745872936467,0.2400881059332226
1350.9254627313658,0.3583404210258469
1352.6763381690844,0.5264600647513171
1354.4272136068034,0.7618947264474668
1356.1780890445223,1.0876260958277764
1357.928964482241,1.5324986986046885
1359.67983991996,2.1304226446915457
1361.4307153576788,2.9178429804670527
1363.1815907953978,3.92913544576191
1364.9324662331164,5.190080269600774
1366.6833416708355,6.710165670765739
1368.434217108554,8.474994268439257
1370.1850925462732,10.440334591016883
1371.935967983992,12.529298579562763
1373.6868434217108,14.633779770282661
1375.4377188594297,16.620769236202545
1377.1885942971485,18.3435605452058
1378.9394697348675,19.657154801892492
1380.6903451725861,20.436332919850308
1382.4412206103052,20.593916608713165
1384.1920960480238,20.09594208276601
1385.9429714857429,18.970252128475074
1387.6938469234617,17.305775161789757
1389.4447223611805,15.241588222348762
1391.1955977988994,12.947344202524977
1392.9464732366182,10.598966690900951
1394.6973486743373,8.354803484313166
1396.4482241120559,6.337167692398996
1398.199099549775,4.62248567609348
1399.9499749874935,3.240779629071497
1401.7008504252126,2.1828462366893526
1403.4517258629314,1.4119950396356304
1405.2026013006503,0.8768857651099158
1406.953476738369,0.5226840639384415
1408.704352176088,0.2989703921453631
1410.455227613807,0.16407134344905822
1412.2061030515256,0.08637535048645019
1413.9569784892446,0.043616215161555144
1415.7078539269635,0.021123475318827453
1417.4587293646823,0.009810884549683497
1419.2096048024011,0.004369674756816662
1420.96048024012,0.0018662354196436763
1422.711355677839,0.0007642630220701854
1424.4622311155576,0.000300099225944615
1426.2131065532767,0.00011298535928506751
1427.9639819909953,4.078561933840343e-05
1429.7148574287144,1.4116081453935683e-05
1431.4657328664332,4.684249752217569e-06
1433.216608304152,1.4903321146254372e-06
1434.9674837418709,4.546143312029096e-07
1436.7183591795897,1.3296017994505272e-07
1438.4692346173088,3.728388907265934e-08
1440.2201100550274,1.0024114246096374e-08
1441.9709854927464,2.584052509988574e-09
1443.721860930465,6.386954462673781e-10
1445.472736368184,1.5136707156862327e-10
1447.223611805903,3.43972243751297e-11
1448.9744872436218,7.495152811139795e-12
1450.7253626813406,1.5660832813110876e-12
1452.4762381190594,3.1379078899640797e-13
1454.2271135567785,6.029368557009592e-14
1455.977988994497,1.111032608593267e-14
1457.7288644322161,1.9634684799369335e-15
1459.479739869935,3.328004574172109e-16
1461.2306153076538,5.410400379377898e-17
1462.9814907453726,8.436942630035142e-18
1464.7323661830915,1.2620535318791986e-18
1466.4832416208103,1.811074769678086e-19
1468.2341170585291,2.4934003332598987e-20
1469.9849924962482,3.2936538345970443e-21
1471.7358679339668,4.174741758917984e-22
1473.4867433716859,5.077904050497653e-23
1475.2376188094047,5.927642674525915e-24
1476.9884942471235,6.641457845773069e-25
1478.7393696848424,7.142849443561388e-26
1480.4902451225612,7.374801174827841e-27
1482.2411205602803,7.310463047552563e-28
1483.9919959979989,6.958261259225754e-29
1485.742871435718,6.360092269638201e-30
1487.4937468734365,5.583133465339225e-31
1489.2446223111556,4.7074800671929765e-32
1490.9954977488744,3.81273929010373e-33
1492.7463731865932,2.9666324072274065e-34
1494.497248624312,2.217712151213348e-35
1496.248124062031,1.5929219968017513e-36
1497.99899949975,1.0994119715032086e-37
1499.7498749374686,7.291666942422581e-39
1501.5007503751876,4.64742031247314e-40
1503.2516258129062,2.846612609137205e-41
1505.0025012506253,1.6756467709115235e-42
1506.7533766883441,9.479258937288734e-44
1508.504252126063,5.153448282678959e-45
1510.2551275637818,2.6924069524741943e-46
1512.0060030015006,1.3517127354561282e-47
1513.7568784392197,6.5208636460335486e-49
1515.5077538769383,3.0225522460074843e-50
1517.2586293146574,1.3460367155980568e-51
1519.0095047523762,5.758599112227537e-53
1520.760380190095,2.3665342698282296e-54
1522.5112556278139,9.341170509212071e-56
1524.2621310655327,3.5410897238016517e-57
1526.0130065032515,1.2890594856384251e-58
1527.7638819409704,4.505696587797656e-60
1529.5147573786892,1.5120156688373862e-61
1531.2656328164082,4.870894907061086e-63
1533.016508254127,1.5061661436134762e-64
1534.767383691846,4.469956942157908e-66
1536.5182591295647,1.2730816847785106e-67
1538.2691345672836,3.4792809550958297e-69
1540.0200100050024,9.123526357022956e-71
1541.7708854427212,2.2952905613995e-72
1543.52176088044,5.539596258646405e-74
1545.2726363181591,1.2824781690957784e-75
1547.023511755878,2.847877680721581e-77
1548.7743871935968,6.065440353340891e-79
1550.5252626313156,1.2389256124453091e-80
1552.2761380690345,2.4268573894604673e-82
1554.0270135067533,4.558642923198139e-84
1555.7778889444721,8.211021459545249e-86
1557.528764382191,1.418106444555657e-87
1559.2796398199098,2.3482908474943574e-89
1561.0305152576288,3.7282864312646505e-91
1562.7813906953477,5.674993158750267e-93
1564.5322661330665,8.281438810878469e-95
1566.2831415707853,1.158557447093018e-96
1568.0340170085042,1.5537772432624975e-98
1569.784892446223,1.9975998360053435e-100
1571.5357678839418,2.4618801509305517e-102
1573.2866433216607,2.9084058777630137e-104
1575.0375187593797,3.2935529758546795e-106
1576.7883941970986,3.5751018316310235e-108
1578.5392696348174,3.719799921473443e-110
1580.2901450725362,3.7098132733746456e-112
1582.041020510255,3.5463394376187355e-114
1583.791895947974,3.249371220652565e-116
1585.5427713856927,2.8536756108102655e-118
1587.2936468234116,2.402105194195217e-120
1589.0445222611304,1.9380183085969857e-122
1590.7953976988495,1.4986451310095667e-124
1592.5462731365683,1.1107383889023512e-126
1594.2971485742871,7.89030983077954e-129
1596.048024012006,5.372088425763897e-131
1597.7988994497248,3.5055553452606677e-133
1599.5497748874436,2.1924669691074685e-135
1601.3006503251625,1.3142258865939045e-137
1603.0515257628813,7.55033204196174e-140
1604.8024012006003,4.157379488249294e-142
1606.5532766383192,2.193964137933001e-144
1608.304152076038,1.1096714218286327e-146
1610.0550275137568,5.379144396625203e-149
1611.8059029514757,2.4991074937681012e-151
1613.5567783891945,1.1127784583329043e-153
1615.3076538269133,4.74879819702435e-156
1617.0585292646322,1.942268299616086e-158
1618.8094047023512,7.61350390939824e-161
1620.56028014007,2.8602841556283976e-163
1622.311155577789,1.029870225333446e-165
1624.0620310155077,3.5538906271839095e-168
1625.8129064532266,1.1753667785064295e-170
1627.5637818909454,3.7255480482080004e-173
1629.3146573286642,1.1317590492989534e-175
1631.065532766383,3.2950689873372765e-178
1632.816408204102,9.194359649148777e-181
1634.567283641821,2.4588081459897865e-183
1636.3181590795398,6.30193244054157e-186
1638.0690345172586,1.5479915114317764e-188
1639.8199099549774,3.644256585532295e-191
1641.5707853926963,8.222325920378006e-194
1643.321660830415,1.7779749581991421e-196
1645.072536268134,3.6846960064919643e-199
1646.8234117058528,7.318509350888868e-202
1648.5742871435718,1.3931196906412666e-204
1650.3251625812907,2.541551745341058e-207
1652.0760380190095,4.443796020153813e-210
1653.8269134567283,7.446527966662677e-213
1655.5777888944472,1.1959086528198536e-215
1657.328664332166,1.8407151935858223e-218
1659.0795397698848,2.7153106932468153e-221
1660.8304152076037,3.838811181024275e-224
1662.5812906453225,5.201375531309566e-227
1664.3321660830416,6.75435468069728e-230
1666.0830415207604,8.406082853299026e-233
1667.8339169584792,1.0026459069083463e-235
1669.584792396198,1.1461608923832137e-238
1671.335667833917,1.2557050434918969e-241
1673.0865432716357,1.3184805145611584e-244
1674.8374187093546,1.3267948998579984e-247
1676.5882941470734,1.2796106596827235e-250
1678.3391695847924,1.1827579162972238e-253
1680.0900450225113,1.0477503586616958e-256
1681.84092046023,8.895363445345402e-260
1683.591795897949,7.237915119466773e-263
1685.3426713356678,5.644262076475113e-266
1687.0935467733866,4.218370688629249e-269
1688.8444222111054,3.021524946946348e-272
1690.5952976488243,2.074204118395532e-275
1692.346173086543,1.3646480396740964e-278
1694.0970485242622,8.604659053782202e-282
1695.847923961981,5.199846440089619e-285
1697.5987993996998,3.0115578090655497e-288
1699.3496748374187,1.6716129167905117e-291
1701.1005502751375,8.892503722185605e-295
1702.8514257128563,4.533735831805331e-298
1704.6023011505752,2.2152981323054666e-301
1706.353176588294,1.0374136587443432e-304
1708.104052026013,4.656027630812782e-308
1709.8549274637319,2.00273247445e-311
1711.6058029014507,8.256084543e-315
1713.3566783391695,3.261876e-318
1715.1075537768884,1.235e-321
1716.8584292146072,0.0
1718.609304652326,0.0
1720.3601800900449,0.0
1722.1110555277637,0.0
1723.8619309654828,0.0
1725.6128064032016,0.0
1727.3636818409204,0.0
1729.1145572786393,0.0
1730.865432716358,0.0
1732.616308154077,0.0
1734.3671835917958,0.0
1736.1180590295146,0.0
1737.8689344672337,0.0
1739.6198099049525,0.0
1741.3706853426713,0.0
1743.1215607803902,0.0
1744.872436218109,0.0
1746.6233116558278,0.0
1748.3741870935467,0.0
1750.1250625312655,0.0
1751.8759379689843,0.0
1753.6268134067034,0.0
1755.3776888444222,0.0
1757.128564282141,0.0
1758.8794397198599,0.0
1760.6303151575787,0.0
1762.3811905952975,0.0
1764.1320660330164,0.0
1765.8829414707352,0.0
1767.6338169084543,0.0
1769.384692346173,0.0
1771.135567783892,0.0
1772.8864432216108,0.0
1774.6373186593296,0.0
1776.3881940970484,0.0
1778.1390695347673,0.0
1779.889944972486,0.0
1781.640820410205,0.0
1783.391695847924,0.0
1785.1425712856428,0.0
1786.8934467233616,0.0
1788.6443221610805,0.0
1790.3951975987993,0.0
1792.1460730365181,0.0
1793.896948474237,0.0
1795.6478239119558,0.0
1797.3986993496749,0.0
1799.1495747873937,0.0
1800.9004502251125,0.0
1802.6513256628314,0.0
1804.4022011005502,0.0
1806.153076538269,0.0
1807.9039519759879,0.0
1809.6548274137067,0.0
1811.4057028514258,0.0
1813.1565782891446,0.0
1814.9074537268634,0.0
1816.6583291645823,0.0
1818.409204602301,0.0
1820.16008004002,0.0
1821.9109554777388,0.0
1823.6618309154576,0.0
1825.4127063531764,0.0
1827.1635817908955,0.0
1828.9144572286143,0.0
1830.6653326663331,0.0
1832.416208104052,0.0
1834.1670835417708,0.0
1835.9179589794896,0.0
1837.6688344172085,0.0
1839.4197098549273,0.0
1841.1705852926464,0.0
1842.9214607303652,0.0
1844.672336168084,0.0
1846.4232116058029,0.0
1848.1740870435217,0.0
1849.9249624812405,0.0
1851.6758379189594,0.0
1853.4267133566782,0.0
1855.177588794397,0.0
1856.928464232116,0.0
1858.679339669835,0.0
1860.4302151075537,0.0
1862.1810905452726,0.0
1863.9319659829914,0.0
1865.6828414207102,0.0
1867.433716858429,0.0
1869.184592296148,0.0
1870.935467733867,0.0
1872.6863431715858,0.0
1874.4372186093046,0.0
1876.1880940470235,0.0
1877.9389694847423,0.0
1879.6898449224611,0.0
1881.44072036018,0.0
1883.1915957978988,0.0
1884.9424712356176,0.0
1886.6933466733367,0.0
1888.4442221110555,0.0
1890.1950975487744,0.0
1891.9459729864932,0.0
1893.696848424212,0.0
1895.4477238619309,0.0
1897.1985992996497,0.0
1898.9494747373685,0.0
1900.7003501750876,0.0
1902.4512256128064,0.0
1904.2021010505252,0.0
1905.952976488244,0.0
1907.703851925963,0.0
1909.4547273636817,0.0
1911.2056028014006,0.0
1912.9564782391194,0.0
1914.7073536768382,0.0
1916.4582291145573,0.0
1918.2091045522761,0.0
1919.959979989995,0.0
1921.7108554277138,0.0
1923.4617308654326,0.0
1925.2126063031515,0.0
1926.9634817408703,0.0
1928.7143571785891,0.0
1930.4652326163082,0.0
1932.216108054027,0.0
1933.9669834917459,0.0
1935.7178589294647,0.0
1937.4687343671835,0.0
1939.2196098049023,0.0
1940.9704852426212,0.0
1942.72136068034,0.0
1944.4722361180588,0.0
1946.223111555778,0.0
1947.9739869934967,0.0
1949.7248624312156,0.0
1951.4757378689344,0.0
1953.2266133066532,0.0
1954.977488744372,0.0
1956.728364182091,0.0
1958.4792396198097,0.0
1960.2301150575288,0.0
1961.9809904952476,0.0
1963.7318659329665,0.0
1965.4827413706853,0.0
1967.2336168084041,0.0
1968.984492246123,0.0
1970.7353676838418,0.0
1972.4862431215606,0.0
1974.2371185592795,0.0
1975.9879939969985,0.0
1977.7388694347173,0.0
1979.4897448724362,0.0
1981.240620310155,0.0
1982.9914957478738,0.0
1984.7423711855927,0.0
1986.4932466233115,0.0
1988.2441220610303,0.0
1989.9949974987494,0.0
1991.7458729364682,0.0
1993.496748374187,0.0
1995.247623811906,0.0
1996.9984992496247,0.0
1998.7493746873436,0.0
2000.5002501250624,0.0
2002.2511255627812,0.0
2004.0020010005003,0.0
2005.7528764382191,0.0
2007.503751875938,0.0
2009.2546273136568,0.0
2011.0055027513756,0.0
2012.7563781890944,0.0
2014.5072536268133,0.0
2016.258129064532,0.0
2018.009004502251,0.0
2019.75987993997,0.0
2021.5107553776888,0.0
2023.2616308154077,0.0
2025.0125062531265,0.0
2026.7633816908453,0.0
2028.5142571285642,0.0
2030.265132566283,0.0
2032.0160080040018,0.0
2033.766883441721,0.0
2035.5177588794397,0.0
2037.2686343171586,0.0
2039.0195097548774,0.0
2040.7703851925962,0.0
2042.521260630315,0.0
2044.272136068034,0.0
2046.0230115057527,0.0
2047.7738869434716,0.0
2049.5247623811906,0.0
2051.2756378189097,0.0
2053.0265132566283,0.0
2054.777388694347,0.0
2056.528264132066,0.0
2058.279139569785,0.0
2060.0300150075036,0.0
2061.780890445222,0.0
2063.5317658829417,0.0
2065.2826413206603,0.0
2067.033516758379,0.0
2068.784392196098,0.0
2070.535267633817,0.0
2072.2861430715357,0.0
2074.0370185092543,0.0
2075.7878939469733,0.0
2077.5387693846924,0.0
2079.289644822411,0.0
2081.04052026013,0.0
2082.791395697849,0.0
2084.5422711355677,0.0
2086.2931465732863,0.0
2088.0440220110054,0.0
2089.7948974487244,0.0
2091.545772886443,0.0
2093.296648324162,0.0
2095.047523761881,0.0
2096.7983991995998,0.0
2098.5492746373184,0.0
2100.3001500750374,0.0
2102.0510255127565,0.0
2103.801900950475,0.0
2105.5527763881937,0.0
2107.3036518259128,0.0
2109.054527263632,0.0
2110.8054027013504,0.0
2112.5562781390695,0.0
2114.3071535767886,0.0
2116.058029014507,0.0
2117.8089044522258,0.0
2119.559779889945,0.0
2121.310655327664,0.0
2123.0615307653825,0.0
2124.8124062031015,0.0
2126.5632816408206,0.0
2128.314157078539,0.0
2130.065032516258,0.0
2131.815907953977,0.0
2133.566783391696,0.0
2135.3176588294145,0.0
2137.068534267133,0.0
2138.8194097048527,0.0
2140.5702851425713,0.0
2142.32116058029,0.0
2144.072036018009,0.0
2145.822911455728,0.0
2147.5737868934466,0.0
2149.324662331165,0.0
2151.0755377688843,0.0
2152.8264132066033,0.0
2154.577288644322,0.0
2156.328164082041,0.0
2158.07903951976,0.0
2159.8299149574786,0.0
2161.5807903951973,0.0
2163.3316658329163,0.0
2165.0825412706354,0.0
2166.833416708354,0.0
2168.584292146073,0.0
2170.335167583792,0.0
2172.0860430215107,0.0
2173.8369184592293,0.0
2175.5877938969484,0.0
2177.3386693346674,0.0
2179.089544772386,0.0
2180.8404202101046,0.0
2182.591295647824,0.0
2184.3421710855428,0.0
2186.0930465232614,0.0
2187.8439219609804,0.0
2189.5947973986995,0.0
2191.345672836418,0.0
2193.0965482741367,0.0
2194.8474237118558,0.0
2196.598299149575,0.0
2198.3491745872934,0.0
2200.1000500250125,0.0
2201.8509254627315,0.0
2203.60180090045,0.0
2205.3526763381687,0.0
2207.103551775888,0.0
2208.854427213607,0.0
2210.6053026513255,0.0
2212.3561780890445,0.0
2214.1070535267636,0.0
2215.857928964482,0.0
2217.608804402201,0.0
2219.35967983992,0.0
2221.110555277639,0.0
2222.8614307153575,0.0
2224.612306153076,0.0
2226.3631815907956,0.0
2228.1140570285143,0.0
2229.864932466233,0.0
2231.615807903952,0.0
2233.366683341671,0.0
2235.1175587793896,0.0
2236.868434217108,0.0
2238.6193096548272,0.0
2240.3701850925463,0.0
2242.121060530265,0.0
2243.871935967984,0.0
2245.622811405703,0.0
2247.3736868434216,0.0
2249.1245622811402,0.0
2250.8754377188593,0.0
2252.6263131565784,0.0
2254.377188594297,0.0
2256.128064032016,0.0
2257.878939469735,0.0
2259.6298149074537,0.0
2261.3806903451723,0.0
2263.1315657828914,0.0
2264.8824412206104,0.0
2266.633316658329,0.0
2268.3841920960476,0.0
2270.1350675337667,0.0
2271.8859429714857,0.0
2273.6368184092044,0.0
2275.3876938469234,0.0
2277.1385692846425,0.0
2278.889444722361,0.0
2280.6403201600797,0.0
2282.3911955977987,0.0
2284.142071035518,0.0
2285.8929464732364,0.0
2287.6438219109555,0.0
2289.3946973486745,0.0
2291.145572786393,0.0
2292.8964482241117,0.0
2294.647323661831,0.0
2296.39819909955,0.0
2298.1490745372685,0.0
2299.899949974987,0.0
2301.6508254127066,0.0
2303.401700850425,0.0
2305.152576288144,0.0
2306.903451725863,0.0
2308.654327163582,0.0
2310.4052026013005,0.0
2312.156078039019,0.0
2313.906953476738,0.0
2315.6578289144572,0.0
2317.408704352176,0.0
2319.159579789895,0.0
2320.910455227614,0.0
2322.6613306653326,0.0
2324.412206103051,0.0
2326.1630815407702,0.0
2327.9139569784893,0.0
2329.664832416208,0.0
2331.415707853927,0.0
2333.166583291646,0.0
2334.9174587293646,0.0
2336.6683341670832,0.0
2338.4192096048023,0.0
2340.1700850425214,0.0
2341.92096048024,0.0
2343.6718359179586,0.0
2345.422711355678,0.0
2347.1735867933967,0.0
2348.9244622311153,0.0
2350.6753376688343,0.0
2352.4262131065534,0.0
2354.177088544272,0.0
2355.9279639819906,0.0
2357.6788394197097,0.0
2359.4297148574287,0.0
2361.1805902951473,0.0
2362.9314657328664,0.0
2364.6823411705855,0.0
2366.433216608304,0.0
2368.1840920460227,0.0
2369.9349674837417,0.0
2371.685842921461,0.0
2373.4367183591794,0.0
2375.1875937968985,0.0
2376.9384692346175,0.0
2378.689344672336,0.0
2380.4402201100547,0.0
2382.191095547774,0.0
2383.941970985493,0.0
2385.6928464232114,0.0
2387.44372186093,0.0
2389.194597298649,0.0
2390.945472736368,0.0
2392.696348174087,0.0
2394.447223611806,0.0
2396.198099049525,0.0
2397.9489744872435,0.0
2399.699849924962,0.0
2401.450725362681,0.0
2403.2016008004002,0.0
2404.952476238119,0.0
2406.703351675838,0.0
2408.454227113557,0.0
2410.2051025512756,0.0
2411.955977988994,0.0
2413.706853426713,0.0
2415.4577288644323,0.0
2417.208604302151,0.0
2418.95947973987,0.0
2420.710355177589,0.0
2422.4612306153076,0.0
2424.212106053026,0.0
2425.9629814907453,0.0
2427.7138569284643,0.0
2429.464732366183,0.0
2431.2156078039015,0.0
2432.9664832416206,0.0
2434.7173586793397,0.0
2436.4682341170583,0.0
2438.2191095547773,0.0
2439.9699849924964,0.0
2441.720860430215,0.0
2443.4717358679336,0.0
2445.2226113056527,0.0
2446.9734867433717,0.0
2448.7243621810903,0.0
2450.4752376188094,0.0
2452.2261130565284,0.0
2453.976988494247,0.0
2455.7278639319657,0.0
2457.4787393696847,0.0
2459.229614807404,0.0
2460.9804902451224,0.0
2462.731365682841,0.0
2464.4822411205605,0.0
2466.233116558279,0.0
2467.9839919959977,0.0
2469.7348674337168,0.0
2471.485742871436,0.0
2473.2366183091544,0.0
2474.987493746873,0.0
2476.738369184592,0.0
2478.489244622311,0.0
2480.2401200600298,0.0
2481.990995497749,0.0
2483.741870935468,0.0
2485.4927463731865,0.0
2487.243621810905,0.0
2488.994497248624,0.0
2490.745372686343,0.0
2492.496248124062,0.0
2494.247123561781,0.0
2495.9979989995,0.0
2497.7488744372185,0.0
2499.499749874937,0.0
2501.250625312656,0.0
2503.0015007503753,0.0
2504.752376188094,0.0
2506.5032516258125,0.0
2508.254127063532,0.0
2510.0050025012506,0.0
2511.755877938969,0.0
2513.5067533766883,0.0
2515.2576288144073,0.0
2517.008504252126,0.0
2518.7593796898445,0.0
2520.5102551275636,0.0
2522.2611305652827,0.0
2524.0120060030013,0.0
2525.7628814407203,0.0
2527.5137568784394,0.0
2529.264632316158,0.0
2531.0155077538766,0.0
2532.7663831915957,0.0
2534.5172586293147,0.0
2536.2681340670333,0.0
2538.0190095047524,4.274e-321
2539.7698849424714,1.1642405e-317
2541.52076038019,3.0536652567e-314
2543.2716358179086,7.676305442832e-311
2545.0225112556277,1.8494158666861634e-307
2546.7733866933468,4.270399737051292e-304
2548.5242621310654,9.450487357913618e-301
2550.2751375687844,2.0044337874264522e-297
2552.026013006503,4.074564216560492e-294
2553.776888444222,7.938211618057838e-291
2555.5277638819407,1.4822325376695403e-287
2557.2786393196598,2.652542131851703e-284
2559.0295147573784,4.5494681696243466e-281
2560.7803901950974,7.478447995667289e-278
2562.5312656328165,1.1781889589758416e-274
2564.282141070535,1.7789803875948662e-271
2566.033016508254,2.5744249261203016e-268
2567.7838919459728,3.570608898466212e-265
2569.534767383692,4.7463245888996346e-262
2571.2856428214104,6.046802871629824e-259
2573.0365182591295,7.383249300469093e-256
2574.7873936968485,8.640178736957034e-253
2576.538269134567,9.690618974679959e-250
2578.289144572286,1.0416792988351776e-246
2580.040020010005,1.0731746415260976e-243
2581.790895447724,1.059645876957821e-240
2583.5417708854425,1.0027789668390036e-237
2585.2926463231615,9.09502556605783e-235
2587.04352176088,7.906003638473576e-232
2588.794397198599,6.586650313378986e-229
2590.5452726363183,5.2592867662829024e-226
2592.296148074037,4.024796063158595e-223
2594.047023511756,2.9519964331251397e-220
2595.7978989494745,2.0751181885949217e-217
2597.5487743871936,1.3980575375590274e-214
2599.299649824912,9.027398086381409e-212
2601.0505252626313,5.586703537673821e-209
2602.80140070035,3.313632059457431e-206
2604.552276138069,1.8836868724729118e-203
2606.303151575788,1.0262875361038975e-200
2608.0540270135066,5.359021015118002e-198
2609.8049024512256,2.6819956879836532e-195
2611.5557778889442,1.2864326340195103e-192
2613.3066533266633,5.913880299367937e-190
2615.057528764382,2.605641541965807e-187
2616.808404202101,1.1003063503482675e-184
2618.5592796398196,4.453172639966932e-182
2620.3101550775386,1.727358817351925e-179
2622.0610305152577,6.421742117028922e-177
2623.8119059529763,2.288129434352757e-174
2625.5627813906954,7.813864888753994e-172
2627.313656828414,2.5574605745019946e-169
2629.064532266133,8.022503143186902e-167
2630.8154077038516,2.4119533408001114e-164
2632.5662831415707,6.950021146127573e-162
2634.3171585792898,1.9193833725581038e-159
2636.0680340170084,5.0803761723473376e-157
2637.8189094547274,1.2888094594266479e-154
2639.569784892446,3.133577389917848e-152
2641.320660330165,7.302156963211405e-150
2643.0715357678837,1.630876582922097e-147
2644.8224112056027,3.4910043392811946e-145
2646.5732866433214,7.162080615040105e-143
2648.3241620810404,1.4082757875843802e-140
2650.0750375187595,2.653970420316783e-138
2651.825912956478,4.79362955583281e-136
2653.576788394197,8.298374958700811e-134
2655.3276638319157,1.3768353299399277e-131
2657.078539269635,2.189432094453201e-129
2658.8294147073534,3.336888222903762e-127
2660.5802901450725,4.874305088989395e-125
2662.331165582791,6.824090832875578e-123
2664.08204102051,9.156681329426285e-121
2665.832916458229,1.1775864048237466e-118
2667.583791895948,1.451473191133836e-116
2669.334667333667,1.7146953821832177e-114
2671.0855427713855,1.94145278337702e-112
2672.8364182091045,2.1068264107744698e-110
2674.587293646823,2.191254964300826e-108
2676.338169084542,2.184336191381757e-106
2678.089044522261,2.0869335976938016e-104
2679.83991995998,1.9109993199381275e-102
2681.590795397699,1.677163327791124e-100
2683.3416708354175,1.410760455495659e-98
2685.0925462731366,1.1373508672796541e-96
2686.843421710855,8.788182859338181e-95
2688.5942971485742,6.508296249916629e-93
2690.345172586293,4.6195462370660796e-91
2692.096048024012,3.142644599667317e-89
2693.846923461731,2.0490631179857374e-87
2695.5977988994496,1.2805003075432367e-85
2697.3486743371686,7.669525399786103e-84
2699.0995497748872,4.40272857866589e-82
2700.8504252126063,2.4223680062598317e-80
2702.601300650325,1.277389328389748e-78
2704.352176088044,6.456119544860539e-77
2706.1030515257626,3.1274121977815895e-75
2707.8539269634816,1.451991701167337e-73
2709.6048024012007,6.461134050463859e-72
2711.3556778389193,2.7556188030661116e-70
2713.1065532766384,1.1264073063106385e-68
2714.857428714357,4.413040051413123e-67
2716.608304152076,1.6570916482850141e-65
2718.3591795897946,5.963779728830783e-64
2720.1100550275137,2.057137034976447e-62
2721.8609304652323,6.800981107373993e-61
2723.6118059029513,2.154997566758943e-59
2725.3626813406704,6.544689119014856e-58
2727.113556778389,1.90501514105124e-56
2728.864432216108,5.314656040917333e-55
2730.6153076538267,1.4210827297170167e-53
2732.3661830915457,3.641926474760158e-52
2734.1170585292643,8.945626120066302e-51
2735.8679339669834,2.105999244629726e-49
2737.6188094047025,4.751970304055535e-48
2739.369684842421,1.0276788101149112e-46
2741.12056028014,2.130146136020688e-45
2742.8714357178587,4.2318458797743604e-44
2744.622311155578,8.057844197056223e-43
2746.3731865932964,1.4705391729728908e-41
2748.1240620310155,2.5721907187567834e-40
2749.874937468734,4.312198040580734e-39
2751.625812906453,6.928884378196734e-38
2753.376688344172,1.0670803855729766e-36
2755.127563781891,1.5750715405321535e-35
2756.87843921961,2.228295958719557e-34
2758.6293146573285,3.0214472410236023e-33
2760.3801900950475,3.9266918708486963e-32
2762.131065532766,4.891120986143182e-31
2763.881940970485,5.839287629886965e-30
2765.632816408204,6.681612951246077e-29
2767.383691845923,7.327787145820292e-28
2769.134567283642,7.702550604717702e-27
2770.8854427213605,7.760086358283846e-26
2772.6363181590796,7.493227557213397e-25
2774.387193596798,6.934924758986888e-24
2776.1380690345172,6.151558230097753e-23
2777.888944472236,5.229969624556443e-22
2779.639819909955,4.2617102664596565e-21
2781.3906953476735,3.328430450855807e-20
2783.1415707853926,2.491529007504886e-19
2784.8924462231116,1.7875713604788333e-18
2786.64332166083,1.2292264359048893e-17
2788.3941970985493,8.10161395638717e-17
2790.145072536268,5.117789724427584e-16
2791.895947973987,3.0985939255949907e-15
2793.6468234117056,1.7981185825352576e-14
2795.3976988494246,1.0001002680609772e-13
2797.1485742871437,5.331389801972535e-13
2798.8994497248623,2.7240128861428267e-12
2800.6503251625813,1.333981731397845e-11
2802.4012006003,6.261275624898362e-11
2804.152076038019,2.816749576822224e-10
2805.9029514757376,1.2145249798258585e-09
2807.6538269134567,5.0192389144500704e-09
2809.4047023511753,1.9881218593213226e-08
2811.1555777888943,7.547836766172321e-08
2812.9064532266134,2.74648479657881e-07
2814.657328664332,9.578735284963453e-07
2816.408204102051,3.2019665794509116e-06
2818.1590795397697,1.0258995713123773e-05
2819.9099549774887,3.1504648000123085e-05
2821.6608304152073,9.273189162148475e-05
2823.4117058529264,0.0002616207352116724
2825.162581290645,0.0007074711759379192
2826.913456728364,0.0018337720703477966
2828.664332166083,0.004556069722065425
2830.4152076038017,0.010850622530299439
2832.166083041521,0.024771502740648977
2833.9169584792394,0.05421279140785085
2835.6678339169584,0.11374351869010817
2837.418709354677,0.22880094981017104
2839.169584792396,0.44130126555026017
2840.9204602301147,0.8162259122969545
2842.671335667834,1.4479389035643924
2844.422211105553,2.4640013641431615
2846.1730865432714,4.023402003979221
2847.9239619809905,6.305941614940865
2849.674837418709,9.49056488263246
2851.425712856428,13.723031506965677
2853.1765882941468,19.0771540663328
2854.927463731866,25.51778739491483
2856.678339169585,32.87610687726096
2858.4292146073035,40.84679625222246
2860.1800900450226,49.01192324504985
2861.930965482741,56.8885929717917
2863.68184092046,63.989702213060916
2865.432716358179,69.88267161077049
2867.183591795898,74.23223872819906
2868.9344672336165,76.8200721250262
2870.6853426713355,77.54318386128027
2872.4362181090546,76.40051240880278
2874.187093546773,73.47910687080207
2875.9379689844923,68.94735836080501
2877.688844422211,63.05521692167607
2879.43971985993,56.1346317024409
2881.1905952976485,48.591245426962374
2882.9414707353676,40.8816851724449
2884.692346173086,33.4775532842727
2886.4432216108053,26.823605641788166
2888.1940970485243,21.300221137797926
2889.944972486243,17.197945305152594
2891.695847923962,14.706113079124341
2893.4467233616806,13.911478242641968
2895.1975987993997,14.799529689566198
2896.9484742371183,17.252346897655652
2898.6993496748373,21.04183105332586
2900.4502251125564,25.823498738955887
2902.201100550275,31.140568195296417
2903.951975987994,36.44827048837789
2905.7028514257127,41.16339918945382
2907.4537268634317,44.73548934150361
2909.2046023011503,46.72687178665423
2910.9554777388694,46.882919264100586
2912.706353176588,45.17382475223161
2914.457228614307,41.795734058320335
2916.208104052026,37.12993773076184
2917.9589794897447,31.67029422174798
2919.7098549274638,25.937113891507032
2921.4607303651824,20.397849697855097
2923.2116058029014,15.410965771873212
2924.96248124062,11.201347360436465
2926.713356678339,7.866745854260351
2928.4642321160577,5.407895302116744
2930.2151075537768,3.7716184725196293
2931.965982991496,2.8963485971598324
2933.7168584292144,2.7517289196525825
2935.4677338669335,3.366686804339002
2937.218609304652,4.842465741448493
2938.969484742371,7.3483089677542806
2940.7203601800898,11.09844655092117
2942.471235617809,16.310732494493095
2944.2221110555274,23.150385477689472
2945.9729864932465,31.666604570998242
2947.7238619309655,41.73411698589468
2949.474737368684,53.01407370468776
2951.225612806403,64.94743724395428
2952.976488244122,76.78852179182876
2954.727363681841,87.67770656272226
2956.4782391195595,96.74299848686441
2958.2291145572785,103.21295153319787
2959.9799899949976,106.5205691713176
2961.730865432716,106.37977011423011
2963.4817408704353,102.82177213669453
2965.232616308154,96.18647439223841
2966.983491745873,87.07175357266101
2968.7343671835915,76.2502478686009
2970.4852426213106,64.56794379187818
2972.236118059029,52.84120989528059
2973.9869934967483,41.76842677800519
2975.7378689344673,31.8688995075409
2977.488744372186,23.45579532837491
2979.239619809905,16.64272153606253
2980.9904952476236,11.377066599727241
2982.7413706853426,7.489061804769196
2984.4922461230612,4.744567399212819
2986.2431215607803,2.8916218234242
2987.993996998499,1.694681384105537
2989.744872436218,0.9547368513652117
2991.495747873937,0.516886779932997
2993.2466233116556,0.268848758813068
2994.9974987493747,0.13431419758129565
2996.7483741870933,0.06443934082505218
2998.4992496248124,0.02968391854668441
3000.250125062531,0.013127075447819684
3002.00100050025,0.005572311163671036
3003.7518759379686,0.002270253838993043
3005.5027513756877,0.0008876506550566947
3007.2536268134068,0.00033304286894770174
3009.0045022511254,0.00011989869573840277
3010.7553776888444,4.141467549350499e-05
3012.506253126563,1.3724343543478573e-05
3014.257128564282,4.363156451419334e-06
3016.0080040020007,1.330632793633677e-06
3017.7588794397197,3.89261905379335e-07
3019.509754877439,1.0922731908159301e-07
3021.2606303151574,2.939727092872788e-08
3023.0115057528765,7.588411873871827e-09
3024.762381190595,1.8786490215928344e-09
3026.513256628314,4.46041113795666e-10
3028.2641320660327,1.0156007806342754e-10
3030.015007503752,2.217559094641299e-11
3031.7658829414704,4.6431986047521375e-12
3033.5167583791895,9.322570932019172e-13
3035.2676338169085,1.7948064820359873e-13
3037.018509254627,3.3132238176820055e-14
3038.769384692346,5.8643978001741765e-15
3040.520260130065,9.952321908479395e-16
3042.271135567784,1.619358967202363e-16
3044.0220110055025,2.526210080722722e-17
3045.7728864432215,3.7782771278520495e-18
3047.52376188094,5.417601345684076e-19
3049.274637318659,7.447328537965624e-20
3051.0255127563782,9.814450972198925e-21
3052.776388194097,1.2399259872190197e-21
3054.527263631816,1.5016973540567575e-22
3056.2781390695345,1.74348821138441e-23
3058.0290145072536,1.9404345175001556e-24
3059.779889944972,2.0702182963376834e-25
3061.5307653826912,2.1172133241411922e-26
3063.28164082041,2.075577267539966e-27
3065.032516258129,1.9504454578067003e-28
3066.783391695848,1.756889487351178e-29
3068.5342671335666,1.5169323350820543e-30
3070.2851425712856,1.2554365877267427e-31
3072.0360180090042,9.959237737393668e-33
3073.7868934467233,7.572797593153466e-34
3075.537768884442,5.519273933767231e-35
3077.288644322161,3.855667210127989e-36
3079.03951975988,2.5817011999721094e-37
3080.7903951975986,1.6569076403746387e-38
3082.5412706353177,1.0192336356123857e-39
3084.2921460730363,6.00938080557425e-41
3086.0430215107554,3.395969715295535e-42
3087.793896948474,1.8393895953119144e-43
3089.544772386193,9.548988073018968e-45
3091.2956478239116,4.751302665219553e-46
3093.0465232616307,2.265885200975577e-47
3094.7973986993497,1.0356934545104476e-48
3096.5482741370683,4.5372327384226685e-50
3098.2991495747874,1.90509159308486e-51
3100.050025012506,7.666625028714836e-53
3101.800900450225,2.957023781568166e-54
3103.5517758879437,1.0931163898626481e-55
3105.3026513256627,3.8729138100344533e-57
3107.0535267633813,1.3151279726768078e-58
3108.8044022011004,4.2801200187071054e-60
3110.5552776388195,1.3350596998974465e-61
3112.306153076538,3.9911803649583496e-63
3114.057028514257,1.1435551939858807e-64
3115.8079039519757,3.1402718810192383e-66
3117.558779389695,8.264774320227781e-68
3119.3096548274134,2.0847198935080967e-69
3121.0605302651325,5.03984016712762e-71
3122.8114057028515,1.1677169324334148e-72
3124.56228114057,2.593042366049042e-74
3126.313156578289,5.518643797554121e-76
3128.064032016008,1.1256551423641108e-77
3129.814907453727,2.2005344038322344e-79
3131.5657828914455,4.122876858822985e-81
3133.3166583291645,7.40323576674428e-83
3135.067533766883,1.2740646245122138e-84
3136.818409204602,2.101404523541046e-86
3138.5692846423212,3.3218184082551037e-88
3140.32016008004,5.03257021527123e-90
3142.071035517759,7.307204478308801e-92
3143.8219109554775,1.0168570154825997e-93
3145.5727863931966,1.3561742553800325e-95
3147.323661830915,1.733476115829766e-97
3149.0745372686342,2.123570998504712e-99
3150.825412706353,2.493228464914336e-101
3152.576288144072,2.805456626592596e-103
3154.327163581791,3.0254575777384162e-105
3156.0780390195096,3.1269752965203687e-107
3157.8289144572286,3.0974447145846837e-109
3159.579789894947,2.940548008934542e-111
3161.3306653326663,2.675459976778151e-113
3163.081540770385,2.332996034830153e-115
3164.832416208104,1.9497314305920364e-117
3166.5832916458226,1.561639316543349e-119
3168.3341670835416,1.1987585895841276e-121
3170.0850425212607,8.819169678690277e-124
3171.8359179589793,6.218255348750474e-126
3173.5867933966983,4.201982287445233e-128
3175.337668834417,2.7213513944473304e-130
3177.088544272136,1.689116891961271e-132
3178.8394197098546,1.0047994770023144e-134
3180.5902951475737,5.728536073484237e-137
3182.3411705852927,3.1300581619510602e-139
3184.0920460230113,1.6391006278652262e-141
3185.8429214607304,8.226275181466254e-144
3187.593796898449,3.9568101603909584e-146
3189.344672336168,1.824028078443679e-148
3191.0955477738867,8.058646610706114e-151
3192.8464232116057,3.4122194592707547e-153
3194.5972986493243,1.3847010409154871e-155
3196.3481740870434,5.385416183863273e-158
3198.0990495247624,2.0073665569406573e-160
3199.849924962481,7.170975395404694e-163
3201.6008004002,2.45512659267006e-165
3203.3516758379187,8.0558920062021245e-168
3205.102551275638,2.5333631368777985e-170
3206.8534267133564,7.635285908092741e-173
3208.6043021510754,2.2054498618390278e-175
3210.355177588794,6.105385409061164e-178
3212.106053026513,1.6198431892173163e-180
3213.856928464232,4.118858224794682e-183
3215.607803901951,1.0037479654988518e-185
3217.35867933967,2.3443176924403805e-188
3219.1095547773884,5.247496924456372e-191
3220.8604302151075,1.125723803564004e-193
3222.611305652826,2.314490618142788e-196
3224.362181090545,4.560609723200019e-199
3226.1130565282638,8.612600301125288e-202
3227.863931965983,1.5587970231110567e-204
3229.614807403702,2.7038881725443227e-207
3231.3656828414205,4.49502136551354e-210
3233.1165582791396,7.16174186853452e-213
3234.867433716858,1.0935771559499643e-215
3236.618309154577,1.6003834520248725e-218
3238.369184592296,2.2446184367424665e-221
3240.120060030015,3.017205184863846e-224
3241.870935467734,3.886968364568712e-227
3243.6218109054525,4.799113301064378e-230
3245.3726863431716,5.678777236570102e-233
3247.12356178089,6.4400982181635166e-236
3248.8744372186093,6.999612108147889e-239
3250.625312656328,7.291204479417298e-242
3252.376188094047,7.27894437636192e-245
3254.1270635317655,6.964362021761483e-248
3255.8779389694846,6.386134910933158e-251
3257.6288144072037,5.6122712051439735e-254
3259.3796898449223,4.72697186816593e-257
3261.1305652826413,3.8156733714207444e-260
3262.88144072036,2.9519103796551573e-263
3264.632316158079,2.1886632536211084e-266
3266.3831915957976,1.5552439634870626e-269
3268.1340670335167,1.059160803045206e-272
3269.8849424712353,6.913040042513691e-276
3271.6358179089543,4.324342058429733e-279
3273.3866933466734,2.592476333105687e-282
3275.137568784392,1.4895440581609645e-285
3276.888444222111,8.202300906598968e-289
3278.6393196598297,4.328743294742426e-292
3280.3901950975487,2.1894334810014643e-295
3282.1410705352673,1.0613178446223611e-298
3283.8919459729864,4.930636255930829e-302
3285.642821410705,2.1953524310039492e-305
3287.393696848424,9.368052589225877e-309
3289.144572286143,3.831229563965e-312
3290.8954477238617,1.50165722e-315
3292.6463231615808,5.6413e-319
3294.3971985992994,2e-322
3296.1480740370184,0.0
3297.898949474737,0.0
3299.649824912456,0.0
3301.400700350175,0.0
3303.1515757878938,0.0
3304.902451225613,0.0
3306.6533266633314,0.0
3308.4042021010505,0.0
3310.155077538769,0.0
3311.905952976488,0.0
3313.6568284142068,0.0
3315.407703851926,0.0
3317.158579289645,0.0
3318.9094547273635,0.0
3320.6603301650825,0.0
3322.411205602801,0.0
3324.16208104052,0.0
3325.912956478239,0.0
3327.663831915958,0.0
3329.4147073536765,0.0
3331.1655827913955,0.0
3332.9164582291146,0.0
3334.667333666833,0.0
3336.4182091045523,0.0
3338.169084542271,0.0
3339.91995997999,0.0
3341.6708354177085,0.0
3343.4217108554276,0.0
3345.1725862931467,0.0
3346.9234617308653,0.0
3348.6743371685843,0.0
3350.425212606303,0.0
3352.176088044022,0.0
3353.9269634817406,0.0
3355.6778389194596,0.0
3357.4287143571783,0.0
3359.1795897948973,0.0
3360.9304652326164,0.0
3362.681340670335,0.0
3364.432216108054,0.0
3366.1830915457726,0.0
3367.9339669834917,0.0
3369.6848424212103,0.0
3371.4357178589294,0.0
3373.186593296648,0.0
3374.937468734367,0.0
3376.688344172086,0.0
3378.4392196098047,0.0
3380.1900950475238,0.0
3381.9409704852424,0.0
3383.6918459229614,0.0
3385.44272136068,0.0
3387.193596798399,0.0
3388.9444722361177,0.0
3390.6953476738367,0.0
3392.446223111556,0.0
3394.1970985492744,0.0
3395.9479739869935,0.0
3397.698849424712,0.0
3399.449724862431,0.0
3401.2006003001497,0.0
3402.951475737869,0.0
3404.702351175588,0.0
3406.4532266133065,0.0
3408.2041020510255,0.0
3409.954977488744,0.0
3411.705852926463,0.0
3413.456728364182,0.0
3415.207603801901,0.0
3416.9584792396195,0.0
3418.7093546773385,0.0
3420.4602301150576,0.0
3422.211105552776,0.0
3423.9619809904952,0.0
3425.712856428214,0.0
3427.463731865933,0.0
3429.2146073036515,0.0
3430.9654827413706,0.0
3432.716358179089,0.0
3434.4672336168082,0.0
3436.2181090545273,0.0
3437.968984492246,0.0
3439.719859929965,0.0
3441.4707353676836,0.0
3443.2216108054026,0.0
3444.9724862431212,0.0
3446.7233616808403,0.0
3448.474237118559,0.0
3450.225112556278,0.0
3451.975987993997,0.0
3453.7268634317156,0.0
3455.4777388694347,0.0
3457.2286143071533,0.0
3458.9794897448724,0.0
3460.730365182591,0.0
3462.48124062031,0.0
3464.232116058029,0.0
3465.9829914957477,0.0
3467.7338669334667,0.0
3469.4847423711853,0.0
3471.2356178089044,0.0
3472.986493246623,0.0
3474.737368684342,0.0
3476.4882441220607,0.0
3478.2391195597797,0.0
3479.989994997499,0.0
3481.7408704352174,0.0
3483.4917458729365,0.0
3485.242621310655,0.0
3486.993496748374,0.0
3488.7443721860927,0.0
3490.495247623812,0.0
3492.2461230615304,0.0
3493.9969984992495,0.0
3495.7478739369685,0.0
3497.498749374687,0.0
3499.249624812406,0.0
3501.000500250125,0.0
3502.751375687844,0.0
3504.5022511255625,0.0
3506.2531265632815,0.0
3508.0040020010006,0.0
3509.754877438719,0.0
3511.5057528764382,0.0
3513.256628314157,0.0
3515.007503751876,0.0
3516.7583791895945,0.0
3518.5092546273136,0.0
3520.260130065032,0.0
3522.0110055027512,0.0
3523.7618809404703,0.0
3525.512756378189,0.0
3527.263631815908,0.0
3529.0145072536266,0.0
3530.7653826913456,0.0
3532.516258129064,0.0
3534.2671335667833,0.0
3536.018009004502,0.0
3537.768884442221,0.0
3539.51975987994,0.0
3541.2706353176586,0.0
3543.0215107553777,0.0
3544.7723861930963,0.0
3546.5232616308153,0.0
3548.274137068534,0.0
3550.025012506253,0.0
3551.7758879439716,0.0
3553.5267633816907,0.0
3555.2776388194097,0.0
3557.0285142571283,0.0
3558.7793896948474,0.0
3560.530265132566,0.0
3562.281140570285,0.0
3564.0320160080037,0.0
3565.7828914457227,0.0
3567.533766883442,0.0
3569.2846423211604,0.0
3571.0355177588795,0.0
3572.786393196598,0.0
3574.537268634317,0.0
3576.2881440720357,0.0
3578.039019509755,0.0
3579.7898949474734,0.0
3581.5407703851924,0.0
3583.2916458229115,0.0
3585.04252126063,0.0
3586.793396698349,0.0
3588.544272136068,0.0
3590.295147573787,0.0
3592.0460230115054,0.0
3593.7968984492245,0.0
3595.547773886943,0.0
3597.298649324662,0.0
3599.049524762381,0.0
3600.8004002001,0.0
3602.551275637819,0.0
3604.3021510755375,0.0
3606.0530265132566,0.0
3607.803901950975,0.0
3609.554777388694,0.0
3611.305652826413,0.0
3613.056528264132,0.0
3614.807403701851,0.0
3616.5582791395695,0.0
3618.3091545772886,0.0
3620.060030015007,0.0
3621.8109054527263,0.0
3623.561780890445,0.0
3625.312656328164,0.0
3627.063531765883,0.0
3628.8144072036016,0.0
3630.5652826413207,0.0
3632.3161580790393,0.0
3634.0670335167583,0.0
3635.817908954477,0.0
3637.568784392196,0.0
3639.3196598299146,0.0
3641.0705352676337,0.0
3642.8214107053527,0.0
3644.5722861430713,0.0
3646.3231615807904,0.0
3648.074037018509,0.0
3649.824912456228,0.0
3651.5757878939467,0.0
3653.3266633316657,0.0
3655.0775387693843,0.0
3656.8284142071034,0.0
3658.5792896448224,0.0
3660.330165082541,0.0
3662.08104052026,0.0
3663.8319159579787,0.0
3665.5827913956978,0.0
3667.3336668334164,0.0
3669.0845422711354,0.0
3670.835417708854,0.0
3672.586293146573,0.0
3674.337168584292,0.0
3676.0880440220108,0.0
3677.83891945973,0.0
3679.5897948974484,0.0
3681.3406703351675,0.0
3683.091545772886,0.0
3684.842421210605,0.0
3686.593296648324,0.0
3688.344172086043,0.0
3690.095047523762,0.0
3691.8459229614805,0.0
3693.5967983991995,0.0
3695.347673836918,0.0
3697.098549274637,0.0
3698.849424712356,0.0
3700.600300150075,0.0
3702.351175587794,0.0
3704.1020510255125,0.0
3705.8529264632316,0.0
3707.60380190095,0.0
3709.3546773386693,0.0
3711.105552776388,0.0
3712.856428214107,0.0
3714.6073036518255,0.0
3716.3581790895446,0.0
3718.1090545272637,0.0
3719.8599299649823,0.0
3721.6108054027013,0.0
3723.36168084042,0.0
3725.112556278139,0.0
3726.8634317158576,0.0
3728.6143071535766,0.0
3730.3651825912957,0.0
3732.1160580290143,0.0
3733.8669334667334,0.0
3735.617808904452,0.0
3737.368684342171,0.0
3739.1195597798896,0.0
3740.8704352176087,0.0
3742.6213106553273,0.0
3744.3721860930464,0.0
3746.1230615307654,0.0
3747.873936968484,0.0
3749.624812406203,0.0
3751.3756878439217,0.0
3753.1265632816408,0.0
3754.8774387193594,0.0
3756.6283141570784,0.0
3758.379189594797,0.0
3760.130065032516,0.0
3761.880940470235,0.0
3763.6318159079538,0.0
3765.382691345673,0.0
3767.1335667833914,0.0
3768.8844422211105,0.0
3770.635317658829,0.0
3772.386193096548,0.0
3774.1370685342667,0.0
3775.887943971986,0.0
3777.638819409705,0.0
3779.3896948474235,0.0
3781.1405702851425,0.0
3782.891445722861,0.0
3784.64232116058,0.0
3786.393196598299,0.0
3788.144072036018,0.0
3789.894947473737,0.0
3791.6458229114555,0.0
3793.3966983491746,0.0
3795.147573786893,0.0
3796.8984492246122,0.0
3798.649324662331,0.0
3800.40020010005,0.0
3802.1510755377685,0.0
3803.9019509754876,0.0
3805.6528264132066,0.0
3807.4037018509252,0.0
3809.1545772886443,0.0
3810.905452726363,0.0
3812.656328164082,0.0
3814.4072036018006,0.0
3816.1580790395196,0.0
3817.9089544772382,0.0
3819.6598299149573,0.0
3821.4107053526764,0.0
3823.161580790395,0.0
3824.912456228114,0.0
3826.6633316658326,0.0
3828.4142071035517,0.0
3830.1650825412703,0.0
3831.9159579789894,0.0
3833.666833416708,0.0
3835.417708854427,0.0
3837.168584292146,0.0
3838.9194597298647,0.0
3840.6703351675837,0.0
3842.4212106053023,0.0
3844.1720860430214,0.0
3845.92296148074,0.0
3847.673836918459,0.0
3849.424712356178,0.0
3851.1755877938967,0.0
3852.926463231616,0.0
3854.6773386693344,0.0
3856.4282141070535,0.0
3858.179089544772,0.0
3859.929964982491,0.0
3861.6808404202097,0.0
3863.431715857929,0.0
3865.182591295648,0.0
3866.9334667333665,0.0
3868.6843421710855,0.0
3870.435217608804,0.0
3872.186093046523,0.0
3873.936968484242,0.0
3875.687843921961,0.0
3877.4387193596795,0.0
3879.1895947973985,0.0
3880.9404702351176,0.0
3882.691345672836,0.0
3884.4422211105552,0.0
3886.193096548274,0.0
3887.943971985993,0.0
3889.6948474237115,0.0
3891.4457228614306,0.0
3893.1965982991496,0.0
3894.9474737368682,0.0
3896.6983491745873,0.0
3898.449224612306,0.0
3900.200100050025,0.0
3901.9509754877436,0.0
3903.7018509254626,0.0
3905.4527263631812,0.0
3907.2036018009003,0.0
3908.9544772386193,0.0
3910.705352676338,0.0
3912.456228114057,0.0
3914.2071035517756,0.0
3915.9579789894947,0.0
3917.7088544272133,0.0
3919.4597298649323,0.0
3921.210605302651,0.0
3922.96148074037,0.0
3924.712356178089,0.0
3926.4632316158077,0.0
3928.2141070535267,0.0
3929.9649824912453,0.0
3931.7158579289644,0.0
3933.466733366683,0.0
3935.217608804402,0.0
3936.9684842421207,0.0
3938.7193596798397,0.0
3940.470235117559,0.0
3942.2211105552774,0.0
3943.9719859929965,0.0
3945.722861430715,0.0
3947.473736868434,0.0
3949.2246123061527,0.0
3950.975487743872,0.0
3952.726363181591,0.0
3954.4772386193094,0.0
3956.2281140570285,0.0
3957.978989494747,0.0
3959.729864932466,0.0
3961.480740370185,0.0
3963.231615807904,0.0
3964.9824912456224,0.0
3966.7333666833415,0.0
3968.4842421210606,0.0
3970.235117558779,0.0
3971.985992996498,0.0
3973.736868434217,0.0
3975.487743871936,0.0
3977.2386193096545,0.0
3978.9894947473736,0.0
3980.740370185092,0.0
3982.491245622811,0.0
3984.2421210605303,0.0
3985.992996498249,0.0
3987.743871935968,0.0
3989.4947473736866,0.0
3991.2456228114056,0.0
3992.996498249124,0.0
3994.7473736868433,0.0
3996.498249124562,0.0
3998.249124562281,0.0
4000.0,0.0
